camera_matrix:
  - - 1153.7918353122
    - 0.0
    - 311.6495082713
  - - 0.0
    - 1152.7061368496
    - 247.7409370695
  - - 0.0
    - 0.0
    - 1.0
dist_coeff:
  - - -0.2574338164
    - 0.3395576609
    - 0.0011179409
    - -0.0002030712
    - -0.5947353243
