camera_matrix:
  - - 1149.6505965772
    - 0.0
    - 326.3569432986
  - - 0.0
    - 1148.0218738819
    - 224.6062742604
  - - 0.0
    - 0.0
    - 1.0
dist_coeff:
  - - -0.2950621013
    - 1.1296741454
    - -0.0010482716
    - -0.0014052463
    - -9.9589684633
