camera_matrix:
- - 1145.5693993514444
  - 0.0
  - 328.01035253139776
- - 0.0
  - 1143.9544496574877
  - 222.3199181597258
- - 0.0
  - 0.0
  - 1.0
dist_coeff:
- - -0.2568218017730472
  - 0.01505453246444273
  - -0.00134300309280825
  - -0.0014310280316184641
  - 2.0737385183222274
