camera_matrix:
- - 912.5988179497766
  - 0.0
  - 317.90211715599673
- - 0.0
  - 874.59393824918
  - 242.06832890210868
- - 0.0
  - 0.0
  - 1.0
dist_coeff:
- - -0.045090490247570815
  - 3.905055824095972
  - -0.00019798984318473756
  - 0.0001657289605522427
  - -19.890774806223426
