camera_matrix:
- - 1703.0455944493651
  - 0.0
  - 319.9076956762953
- - 0.0
  - 1705.3842170025082
  - 253.5271126853582
- - 0.0
  - 0.0
  - 1.0
dist_coeff:
- - -0.5425631095904072
  - 1.9696026913090168
  - 0.00148483155479716
  - 0.0012210553527165725
  - -22.848978573012815
