camera_matrix:
- - 1711.0962366309768
  - 0.0
  - 327.69845039634407
- - 0.0
  - 1714.8267968370474
  - 229.4433324908649
- - 0.0
  - 0.0
  - 1.0
dist_coeff:
- - -0.5692435223787368
  - 6.843681659295776
  - 0.0023920096136058468
  - 0.003829217233926642
  - -130.64716114713804
